46643.22
73249.94
73126.23
87888.1
48381.52
33454.9
63895.9
41352.32
86404.78
33065.11
62149.94
23498.91
45787.34
42651.57
19406.91
47711.14
46979.26
62534.87
82849.41
17006.49
34304.2
62917.11
80086.31
27906.9
57584.52
59426.59
69252.07
24224.0
57174.36
22789.11
53485.61
24872.17
74086.26
32748.52
84690.68
86180.03
25331.03
60136.14
49858.56
48770.0
42095.07
89681.99
40535.08
70760.94
29829.32
84144.37
80594.81
34079.62
65172.68
23304.15
45479.3
57982.6
60807.25
39620.19
25936.73
88441.93
41176.51
78535.7
50288.3
21133.14
38739.3
64378.72
53880.94
80702.11
67602.84
66066.48
40439.49
45181.1
50554.59
25095.63
64242.16
34401.68
20058.37
67553.37
84051.28
85941.03
16910.49
29077.88
33969.62
71119.31
77283.61
62894.31
58412.34
69140.61
40593.35
15648.4
39639.09
23150.29
63395.19
24974.85
15078.91
58276.88
46363.24
15429.59
36150.87
54157.28
76398.55
26508.13
46239.79
20898.11
80149.89
30956.03
69610.55
40359.34
27878.16
75283.05
68922.2
57861.79
22636.12
29885.3
21400.01
76474.78
73953.78
61526.21
80435.43
81818.59
40397.74
33315.82
77745.71
75930.25
68833.06
77152.11
43326.16
88940.2
65238.56
73079.96
47681.12
82290.83
51254.81
71409.99
48297.63
63765.09
71349.23
80991.93
23871.11
60750.21
45272.49
36345.01
43952.21
18895.95
80235.89
74426.11
39476.39
84143.29
30368.77
39558.13
27845.68
20087.6
34626.09
22839.63
63457.2
62653.11
18287.25
54120.55
57527.26
56246.27
26935.99
71332.37
26540.43
32661.56
55290.59
71614.42
25420.01
62929.71
43430.21
38492.38
62940.64
49006.27
15901.82
20873.47
80253.03
59744.67
26140.83
43913.35
60467.59
88293.47
30737.39
49975.46
26478.25
36477.58
57844.58
52360.7
45997.14
17868.18
85513.06
49479.77
55204.02
15470.28
26041.56
51888.3
59729.37
61166.61
77857.28
19488.19
23395.14
80496.39
52176.33
22966.98
26010.4
23811.72
49106.45
80165.25
35600.09
64984.03
31249.44
89969.57
87446.9
20075.21
40137.08
79275.87
37908.27
58379.25
31118.72
54388.14
70710.99
64776.65
26422.16
36585.83
48833.61
42570.01
25498.45
57733.76
27886.82
37381.89
24302.45
26252.63
34800.83
21247.94
71067.91
61542.32
65728.62
16714.57
80749.07
66260.47
78294.72
24759.42
67484.1
42843.77
80113.77
83078.57
49764.45
86282.93
78352.4
35330.4
17627.87
58857.84
60701.51
84035.61
30231.93
62809.62
61365.52
22859.05
66235.37
83506.28
34214.86
19007.04
62840.89
71383.43
86638.98
87732.95
22969.69
31419.27
55764.77
43176.14
83587.83
41886.94
72660.52
25726.21
67369.97
86691.42
54454.79
60155.6
78797.19
56425.41
75609.47
78160.59
89227.22
80737.57
40284.5
23973.4
60460.52
74303.91
60408.72
82986.49
42420.96
37001.31
37858.69
58911.0
75144.32
74752.91
54807.0
80805.93
38847.86
87104.61
35357.02
48099.27
29404.29
25283.92
69886.58
81389.93
75147.8
60569.83
85712.85
23877.99
65388.71
72797.71
26012.63
26852.64
39669.06
72428.95
44902.67
83048.39
48348.89
79211.24
50315.44
86719.17
88816.25
15891.97
89500.69
55897.71
53868.69
77569.92
64296.32
72797.64
77425.96
42812.18
35583.09
31996.24
38757.53
37152.94
81036.88
18045.96
23313.24
58432.88
63234.92
40811.5
65596.4
59821.19
38851.51
83149.32
23319.77
17287.09
41337.65
22481.12
82116.43
56339.48
43370.96
48212.87
24040.58
24308.15
79900.45
47432.5
52073.28
74474.99
32274.22
43798.3
60787.9
50585.91
28326.34
47987.14
20742.28
65847.14
45165.49
76108.51
84661.14
29598.48
63279.27
40756.31
69142.33
73886.97
54649.78
20482.32
35552.49
36376.54
62665.07
38833.06
66082.38
54138.6
60029.6
15841.85
87105.1
67377.02
27444.16
72569.16
82555.47
43437.93
30611.28
44965.42
66025.91
73983.79
42616.48
68631.31
16540.85
34350.79
58341.92
22592.1
83804.98
86246.32
22691.91
50891.15
55249.13
60710.33
68502.77
67028.09
40623.04
41351.79
29213.12
29446.68
53585.72
37890.04
32276.66
72413.1
28543.69
38786.55
79213.93
41978.84
87433.32
57535.92
42671.85
40972.93
22888.54
82445.58
42115.54
67286.67
32090.61
53037.34
31557.43
23113.53
43792.37
41770.89
44168.51
54040.31
69679.63
77997.82
74350.38
47114.81
78062.31
48280.46
86614.14
89610.37
88478.15
56207.45
31812.22
42379.51
32115.63
29211.13
26336.21
63443.65
33029.76
64307.54
76441.93
31927.51
59780.82
79896.94
80997.63
49855.4
52966.46
53629.41
21355.25
72528.68
35783.34
15604.45
44806.75
21459.01
70346.45
84385.86
66735.53
75732.44
83366.23
25351.04
34357.08
40174.05
59618.88
63652.8
82739.97
73592.23
80618.56
76054.88
24394.86
64105.4
21110.94
29522.3
45351.39
37280.66
34279.12
17117.36
62959.33
65189.44
18011.38
87231.06
21445.15
19420.06
22509.83
69931.25
61865.45
53931.78
74095.87
18732.05
26690.66
72409.94
65688.92
54399.67
77721.65
21269.43
26729.42
79211.95
89561.62
28200.5
37202.38
46623.52
77965.55
78551.54
24415.68
30854.04
54163.21
47908.46
79206.95
31721.12
61210.66
64453.32
39274.67
43363.64
71240.45
20453.55
15072.59
79092.1
58295.64
87184.97
86579.68
27062.87
56386.48
59768.45
56542.23
52887.2
61684.21
79574.05
42980.98
50965.48
69341.83
71931.53
78239.86
48884.34
86974.18
71795.93
69789.81
27005.2
59975.82
82002.62
72018.67
78223.94
18337.98
78215.1
60066.69
37363.46
67202.93
56037.15
81945.36
46776.11
87177.74
20177.5
57737.27
61101.67
78112.76
17575.38
86549.75
19245.22
85492.57
62464.22
29415.79
80598.82
48026.61
18839.38
31943.47
84829.54
27612.93
25616.05
40713.5
55708.5
83859.09
86001.2
66044.57
40054.45
71543.39
23646.05
59423.34
25262.98
80916.71
80533.07
56577.83
55970.2
49970.9
60843.29
48455.83
82498.67
82754.94
26259.1
70128.08
36002.4
26234.82
36957.98
65936.59
68899.1
23652.72
62506.83
78045.48
63892.12
77725.04
80575.74
18924.59
84160.09
22168.77
81795.25
19931.87
53505.86
40267.5
24709.35
62189.48
31378.47
63316.38
16878.18
85008.8
71905.16
75176.62
71813.7
45175.91
74969.66
33154.05
49507.61
50800.5
38228.2
88276.79
48995.12
52253.64
80383.83
76395.24
31715.19
27798.78
44346.59
63932.16
87362.96
72090.44
43607.49
55232.78
61594.28
21331.02
22771.97
37497.9
27007.67
80788.46
50587.8
52336.22
43740.05
58304.46
88615.69
23526.83
56754.06
71550.63
22041.36
52123.95
39085.29
81111.41
19618.12
63190.03
73961.36
37404.68
85223.67
89329.16
82103.24
38423.3
52472.55
15038.22
27867.34
26002.02
18510.31
59728.85
33780.31
75034.69
52613.18
84760.55
84494.9
23360.12
24869.86
33955.1
63056.13
15396.24
23155.65
86121.5
88553.99
55873.55
89898.75
20387.69
50669.12
16348.69
87735.04
48589.44
73744.33
37925.84
78826.65
77469.16
21430.01
63244.56
81252.0
58198.81
80688.77
28362.1
85771.49
24377.88
23314.76
15277.65
45255.37
66525.13
80377.16
18567.79
74136.28
53942.36
40554.65
75424.74
87510.19
64295.36
55445.56
88278.71
75497.87
68416.02
23972.04
22031.66
22575.09
65097.11
70800.41
68042.41
71488.48
40968.74
54180.58
53297.31
81829.42
67613.9
25208.57
56730.66
68413.9
27482.67
87570.02
65959.14
77107.88
26392.79
58284.1
51809.34
37997.66
70836.84
86153.53
80964.01
49932.12
40218.25
57203.58
70944.81
60506.92
66634.18
49234.07
51917.17
53558.57
78800.7
60359.67
49528.59
76274.73
77908.51
47323.31
88013.13
60107.12
68556.81
65048.88
26244.64
34214.4
47081.38
31918.15
87463.0
82144.55
86550.02
84612.21
83876.38
65820.8
49278.37
24076.56
69171.0
24105.83
71067.54
45038.13
53452.34
63081.1
79817.02
87688.08
19813.04
50721.79
46377.06
85906.44
48012.4
32878.64
27157.19
51955.53
38960.76
30433.97
38551.62
19016.3
82259.65
89449.23
84087.34
21993.95
68403.99
67031.3
48126.09
58041.12
79213.47
29484.21
19242.19
15897.84
39994.75
22047.02
40196.0
15228.76
79621.77
83152.03
71164.79
28321.56
64453.95
55917.64
60346.33
70228.85
30191.71
34766.65
47479.22
48896.83
53352.85
72360.13
25640.56
19496.03
43794.43
46522.35
57896.72
68211.11
37679.45
51879.88
19748.87
58043.67
52791.81
75561.66
59732.0
66431.95
58005.06
85686.86
29678.65
21372.07
71587.84
85849.71
38273.11
66251.07
52502.32
28844.41
62399.62
47665.06
29163.68
87006.22
42551.74
53766.02
17578.69
50570.52
56033.99
71302.38
43127.28
54957.1
32253.81
19749.37
18202.54
58559.68
52948.71
76486.71
61849.88
80034.38
86698.39
62171.9
28651.55
53045.91
80942.27
78286.61
68896.34
62117.77
48694.98
51048.66
87104.34
79874.11
82701.49
19619.81
66535.24
63481.18
77317.9
61648.73
33335.74
66073.71
83836.67
74612.04
41165.39
20501.14
50368.14
57138.57
78765.71
75908.64
26061.06
35557.26
63729.17
42314.12
69919.16
40102.92
84447.2
87222.78
58600.28
26948.44
23362.84
68386.51
74190.31
63386.87
34257.01
80298.89
66389.41
56285.63
34089.8
63134.28
58297.4
15263.84
87513.11
52909.62
24823.61
83623.06
52624.83
30460.58
77994.27
15206.11
39545.2
39153.45
29566.33
22124.91
75629.17
24257.61
49238.98
38591.1
40801.68
18644.57
62194.1
69923.43
68310.73
53790.73
52889.49
17127.95
23901.34
58963.4
15630.58
57229.82
20392.66
20779.02
58896.13
76582.69
45029.62
85061.34
46527.23
58615.2
85047.14
74521.28
79095.96
38863.95
41498.17
56718.53
67139.07
82408.82
75206.24
76869.6
57657.23
25491.67
85997.99
55036.69
84379.05
71754.09
52111.6
81126.0
43655.99
71363.07
87256.7
31877.58
56787.5
63679.96
18321.92
56982.74
76421.39
60656.55
79742.31
26859.83
48402.51
64124.68
15663.56
53255.95
87740.49
16146.34
27111.0
60685.54
57934.25
35008.06
