491
46
747
18910
69
48
7
95
88552
6324
86
30
5
25
69389
53163
39
95419
0372
39
28
4771
82
961
370
88
6
53
88
505
09
98
46
478
34
77
171
86
61783
3234
36
9691
898
25
4
3
37
02
575
19
82967
41
66
33
4146
54
673
6283
51
6468
9548
95
64
5165
86
65408
08477
66
85
492
22
00901
02
35
682
0012
41
6
61
49
72
56
92
0
2579
41
0
8
97
4
02064
37
74
3
88
2
8
18
2
973
23
22415
57958
68
408
39525
73
88397
37034
86
1943
248
31
81478
29
92
5
127
92
5871
981
50
8947
3
93
47269
75330
42
878
68292
34
1462
248
83
0139
941
77
7535
3886
73
921
7
44
68273
2
60
73
98409
31
6996
0790
39
6331
1517
36
2
26105
92
8958
9
97
94822
168
61
8
8146
89
24419
564
62
53639
318
79
52
0
52
7
3256
44
57
03157
19
16
5
71
30
2852
27
8
25954
99
37
4214
97
90679
45
74
57631
81
86
83856
3259
70
7
05
21
0754
59271
47
07692
81
35
2
5396
94
91342
1423
48
35
209
18
5116
157
46
5666
3315
80
7
8
72
0699
17863
56
1473
6
60
698
002
29
08
0259
100
157
646
52
5
8829
80
4
02477
98
83
397
33
76
410
21
8174
9424
74
96201
85750
49
1
328
67
8
86
23
2
0524
43
39
6228
65
3194
08507
26
09
49
66
959
01
88
0891
3
92
60313
40
52
6700
1103
78
68
0
33
630
4
40
5
7762
94
4
9054
43
66033
1
29
26
982
74
9
1774
34
398
74
22
6
754
83
7656
1
43
8377
96
85
09
0
41
3
35
82
5046
559
27
085
6305
43
81682
43122
98
8
8830
18
7824
9
49
2
6
78
5
1154
30
55
3381
95
126
5
30
49
19
46
3
81270
74
389
7
68
82
19
41
916
9
41
9
0884
26
7
1568
85
5221
35
57
88
1475
19
24317
35479
74
01
02
58
044
69
54
1
430
18
45
17084
64
02141
38
52
21258
140
47
0
263
43
400
855
68
669
92137
63
0326
78
26
77
6657
77
679
249
72
534
09
22
2
96443
65
7
868
78
2800
3176
31
96048
11424
69
5530
08231
55
75
0060
96
063
37674
77
084
06159
72
55822
1
35
5507
8
91
8
1
85
33063
948
43
7126
0377
45
26004
88963
90
7206
83
68
12332
6148
28
65640
737
20
2
66
92
0
3733
90
8877
6
77
34
6
58
33
7
43
5
4
48
84
08
43
6151
3
95
2167
84675
57
228
5578
44
0
1
80
980
7364
41
8095
2
89
73037
80
18
6
423
56
889
2648
77
5
7691
75
606
7216
24
2356
5443
44
65
162
55
05
98013
23
19
41
57
58510
01828
42
7491
45246
64
1
200
40
36
99918
45
062
6
43
2
971
88
6169
7165
36
6831
31654
94
89539
6
95
9
8883
100
1826
839
42
9921
347
47
56
66234
51
9342
824
49
669
3
68
0
52584
97
63
0932
19
74046
61
50
96649
71231
94
09
4932
80
216
7
76
75
772
39
4058
53
98
232
1075
78
042
0490
42
1475
3848
82
3
40
24
25
090
81
04
1
63
17
495
68
9914
82
83
67
06
27
49
10
20
105
801
46
43
1
94
2327
7614
96
49345
291
90
68
4
42
60
728
68
27270
21
59
3746
6645
68
4501
98683
59
1157
81924
47
67
0635
68
22
4
58
933
5
71
8628
39
87
3336
18396
66
9836
25
99
7529
14725
76
83
9548
25
50
88
85
48137
70386
93
1981
82195
36
4
072
56
6621
9
60
5678
03250
63
1
71
86
0180
9388
57
34786
8951
84
4
89
64
6
02535
76
3
942
70
54514
5880
98
81
998
35
41898
44
51
8
979
62
551
032
94
2740
87
65
3
23487
34
54
4
43
1944
457
51
4264
8026
92
63581
03
71
37846
63723
33
15
29
81
753
91704
71
501
473
71
947
723
23
2
146
59
916
2432
75
64
948
78
4010
19496
53
9
4
44
31233
66274
86
6773
09
99
683
23
93
53758
12969
83
9403
531
61
302
10
100
6409
496
94
60624
29
97
7
71232
78
82
6
60
313
964
51
3
53542
31
59948
33
65
27980
42
89
7658
11
49
83848
6
73
57
9
61
428
796
87
81
0314
44
15549
5315
48
8
17
48
196
268
69
31633
422
87
769
95
34
87538
42
32
003
27
70
2092
2
20
7471
786
60
3
2
49
49
8
82
12
60019
30
545
37
86
437
7
73
865
5055
37
32003
6123
36
0
689
91
7894
82367
97
70
0705
88
1486
93391
63
411
5768
40
3
7271
57
25
588
55
0328
752
89
0497
2264
74
464
44
96
99
908
93
8
2227
84
97
6607
31
27055
980
100
6
5
93
7
07005
90
55099
765
18
6
5
92
5
2
33
2237
7479
26
7
115
22
102
8400
100
8106
051
66
72
0947
51
2511
856
86
2
987
29
2459
79858
22
5
9
32
39552
8
42
7
64
72
92282
2
88
4094
1
73
4
58724
68
5253
65652
98
9102
9
59
90
86
51
53
32673
24
96316
36380
92
5890
104
64
9467
72188
72
8
9852
64
12
4537
81
41975
9
90
2
1814
59
08521
92889
41
011
38
18
5
17715
47
4
51
19
0206
4
71
03
6
68
41185
29
60
0944
5136
40
2858
880
89
4905
421
82
60394
5
89
04974
8244
98
1242
0
23
663
915
79
1
5663
54
3
0352
22
9
694
75
2
7378
69
36883
2
31
8804
3
58
2153
42123
49
1
0
31
58659
07
54
8
19009
65
48099
48534
96
949
90
19
698
0913
96
655
0543
31
034
5748
94
1
01
94
730
8
42
4457
5
70
22
6
27
677
52445
78
7
0
18
59
65
34
04578
6
63
6237
9
32
5
7245
51
7626
03669
75
37
45
48
9
2210
41
6
877
48
6
303
44
4183
02
80
1478
18
55
3921
07
22
808
2
18
14
8
93
33018
47407
93
1260
61
31
173
1
25
6
4
75
102
734
46
37
40
49
3
41517
18
55968
8
57
0
40460
93
400
114
72
2
7
72
24403
3
66
5530
3
70
22
09637
95
10
2
40
66
27453
54
29889
7
67
3
0
58
144
062
31
2229
64
88
9100
86
26
32109
12058
59
5
3834
59
22697
923
49
07173
7948
82
360
47
27
185
523
42
1871
518
45
02
81920
61
74
778
33
76
17
56
99324
86408
53
259
1
92
22991
585
41
4
848
51
02
80136
27
95
0
25
8809
35894
37
09
24
98
9
7
81
61
025
45
0
37
99
384
25
25
90
81070
63
0
922
79
25400
2
69
665
31
78
03
5
98
2
3616
92
998
1973
40
532
8704
99
09
1149
52
33930
839
53
4495
05313
94
0
4603
64
9
82
48
6517
42
46
3365
420
44
78
4500
94
6
24
80
477
03016
92
3787
16953
70
427
924
57
37741
58
44
2
350
83
34
89870
28
6890
1992
25
4546
74227
48
1
62
45
653
149
93
3355
36269
48
8
6355
54
201
26
85
75907
716
55
4611
4
85
9207
986
84
12997
4783
50
6024
9
30
70340
572
70
884
93
71
51
1
28
7731
563
59
21
9
94
72630
1294
73
5
41708
93
0111
71450
68
50843
0147
59
686
33139
25
675
6389
32
876
7357
62
02863
54
62
12
0
32
255
51
69
95
56356
49
7343
87
26
305
70488
42
7
45111
60
17432
732
83
7
4721
53
1745
2019
96
81
716
62
80529
5659
46
55979
57
87
885
54
32
43265
590
63
3100
02
36
0
5
98
0347
82179
37
33948
72915
30
0922
6
19
663
5
52
7548
597
84
4121
4841
88
3
0
58
56
26689
38
36895
289
31
62
073
57
2134
892
63
82515
4
32
7
40642
63
7449
49438
48
95779
798
79
12833
7
73
722
98286
87
05
54
78
25390
499
39
97
76
43
78938
9179
85
62778
5722
78
17186
02
77
2
9
51
059
37
92
3445
7
89
203
03
44
234
1993
58
02339
7335
67
03552
95689
52
308
9487
27
0556
29
39
91
31402
23
14
66260
81
5
14225
72
53766
06
29
6
773
81
63
0
20
2
1
33
435
10
63
159
87
87
552
088
81
03756
5371
93
9
6933
28
8
83
53
5
01022
95
7958
65653
90
96000
31
90
014
801
49
679
7
99
5354
2
87
40495
551
92
91
0762
92
69
0
35
5
698
94
058
09244
63
90605
160
85
63192
089
20
370
81455
74
18
85933
73
38
19941
46
808
23
50
1
7742
63
8
1
26
44
681
99
2406
2
52
51319
55321
87
426
5982
80
5093
60849
62
4
456
86
2
4105
95
070
759
80
31074
419
59
36
6
77
16
3
54
9
16
87
0701
403
70
934
48
90
5585
906
97
9140
90
32
8
2698
19
9
13
84
85
9383
98
0741
9508
70
608
4511
78
1
83946
56
6
037
65
81
59092
91
6503
70
55
267
384
45
6839
5
51
54616
3910
78
21716
8
92
8
1644
72
22510
8050
39
52484
532
81
36
11
76
4
9041
51
656
5781
100
855
7640
85
4
909
80
72
482
54
80353
0
60
704
0027
64
2403
2
43
2
1635
81
2584
8207
35
423
7
95
64
4284
31
9
8554
58
160
60954
40
55
1
46
5
8
68
275
300
71
40
467
80
237
113
80
75261
5670
99
9076
9210
50
1
40489
96
20433
32240
58
65987
745
30
88
00
20
425
11173
36
09
84
43
2
01
29
59
767
64
6184
422
25
5193
92
90
89978
898
70
2
4
58
299
84426
54
2
76263
93
9267
7941
45
1
41
81
2
769
97
9514
39192
45
9532
84998
30
440
55399
28
803
0
50
8486
9258
78
2938
765
20
0826
11637
27
8
6
19
2
13
55
8
773
74
607
4
65
9682
50001
77
734
1
86
3
7
48
2462
289
90
10
72357
61
75
37315
85
091
8
21
95370
16033
21
72244
1229
92
0
022
85
3
08
74
103
41692
81
33554
3
99
97118
3
93
9551
61628
70
1294
00
36
23
899
35
90
508
67
4
40631
77
04952
7
73
649
2948
96
209
41961
63
5443
83458
38
97
409
68
96
1566
82
13534
262
39
343
37681
32
0
56370
91
5
9
52
03
4832
77
20
94
26
38704
3
60
633
658
69
5
88
47
7677
0
68
0
0
21
7
67
96
6
74
94
4788
99
43
7
91
77
2499
4736
66
7
1
23
35420
1878
67
39194
679
87
2
417
45
666
8
27
087
51071
99
59534
20889
41
27
064
48
2
0974
38
22154
4612
52
688
9461
49
66941
922
93
7346
14
43
577
696
48
935
6747
22
74955
2642
86
28754
082
36
19
936
56
5
43450
43
39072
2
63
33
871
58
2302
85
46
0887
9
88
21
108
49
93
19
59
88
64
35
753
32860
64
641
04454
88
15
84
82
9
70119
53
46
4038
51
25
1
23
0934
005
35
4
82593
69
9
6
78
06843
9
64
29039
70
55
24
98186
98
1094
34042
98
567
80410
60
27284
1
58
2
223
76
84
55
69
5794
503
56
87641
238
37
312
9063
61
4838
45
48
20
879
90
248
19673
28
559
30
46
1
162
57
931
32888
71
8
26
89
89
6
97
36381
2
83
81487
25
53
518
702
29
531
043
23
785
9
89
4
810
61
2
12314
87
97651
2246
19
62
9
73
8
56159
51
65922
9623
45
8780
2
100
52
6
91
94
756
31
0
10082
50
313
05568
94
87
57634
48
750
856
50
17
07319
29
140
05391
88
04064
7685
54
74318
3909
44
753
0
82
30
6522
96
12831
97
99
445
23177
73
41114
97347
78
85
906
96
04563
716
60
257
8479
45
07
94
70
44
22837
22
20
76
83
2
9
41
93653
569
22
749
1699
86
209
2
24
11
204
52
3409
2
32
8
14876
29
7
45
79
16623
1
71
35875
70620
39
8
939
55
262
58991
91
7
1
88
59148
60
77
4970
99863
82
88
3673
48
9
53
75
798
01
77
3904
2786
40
27
3596
44
92219
101
83
2
59
82
4404
847
87
96519
0345
63
3
73863
67
19
28122
20
785
74977
27
078
86588
65
0
88585
24
6
81
34
5
57549
72
8
36
51
122
5
78
240
4637
66
90
201
79
5847
8
43
91
2480
64
471
1285
27
8308
6643
85
6521
08
58
16
6181
37
29667
064
21
74
64579
88
5
9848
51
5117
913
78
71353
015
84
3
316
84
62261
02
19
633
83077
76
95642
78
91
2298
53940
88
79
152
100
3278
6
96
53471
8
22
49
096
54
9
093
64
241
6
65
67
053
97
2198
4
56
68037
0176
53
34
248
58
1
2291
63
655
6
34
9
8
83
2227
5019
74
69
78585
66
27
1
71
78415
04357
70
1694
0447
67
663
9189
44
224
996
46
73
99596
69
40
7
76
210
303
60
104
46736
49
758
0660
62
3190
323
57
18
554
57
83117
614
38
4
97754
39
480
7
36
43
3
90
67140
355
23
236
405
38
2
22749
78
0
14
46
01
1
48
9
746
98
31
31890
81
3759
7
57
6649
80
72
477
926
28
4
4994
95
1087
428
97
6
9
83
92654
8532
76
74
739
99
13393
3
82
73
4276
38
6
086
32
71566
5
97
9
9947
47
35
6469
28
819
4
96
044
45
51
9563
50599
76
3
36
84
21897
6
74
0935
2906
33
78
66498
70
1205
04
59
2
8
37
753
6524
30
95106
8
93
686
72564
86
3877
64687
62
35
84
71
931
5958
88
175
241
100
3934
7912
100
52
726
79
222
11448
20
086
3
92
9
80
80
73293
33
55
93418
6
38
26
597
32
2081
359
39
19554
934
25
86222
5
72
7616
28
34
30
66
59
81263
33
81
33
17335
50
4059
87332
65
33982
539
24
38977
97
56
16
91466
71
911
6312
47
273
33
32
6799
92
31
212
68147
46
16
34
43
91
42567
52
322
0078
71
9368
57392
98
9
7115
57
8
3
47
6
455
90
39
405
82
6160
37888
90
1280
4700
73
69850
10
71
2172
9062
92
35127
99266
90
8168
18
44
4127
262
99
92
142
21
86
7662
48
663
5565
31
170
24
33
81469
736
91
34
04146
78
51080
654
54
529
5109
53
8
41229
57
9545
7055
95
6682
72
83
97551
90
37
12
795
100
8541
2989
56
80
154
71
5553
8275
43
13
00780
47
6949
3270
41
90842
69558
86
637
3511
58
1
4777
85
262
86
18
6
359
97
868
3853
89
0819
05
82
30
26
59
98241
384
74
97
33522
24
1
137
95
221
3
42
4530
60
75
28028
0095
42
536
37
62
030
75
77
545
26
65
063
2630
81
0
224
53
3
2963
40
3
80
72
471
98
57
06
16576
31
2
2
41
86131
6
61
771
683
58
1
478
63
49
8
29
49292
88601
24
2
47
50
4566
2
40
43
1639
96
474
0
28
717
8
81
8255
804
28
6
64127
21
8
22
59
8254
5
98
02166
36
55
7090
0
72
930
9570
27
09898
3
32
91972
5015
48
775
50458
51
78967
02980
80
934
7610
72
45
735
37
93824
4
21
89327
1646
35
91198
269
41
8
